763 0 16742289 1
802 0 30523669 1
950 0 1705452 1
220 0 4891218 1
792 0 4815950 1
903 0 7668946 1
320 0 1135295 1
731 0 43465238 1
882 0 5638157 1
293 0 142456 1
525 0 30296521 1
155 0 22802944 1
1014 0 46264411 1
784 0 1871096 1
115 0 1394037 1
204 0 4865862 1
1015 0 4520121 1
758 0 3954948 1
880 0 3150991 1
838 0 613037 1
246 0 26057580 1
909 0 23846188 1
942 0 43967340 1
588 0 5791363 1
520 0 12746058 1
484 0 7984838 1
119 0 6009939 1
439 0 733176 1
631 0 217599 1
437 0 1357923 1
742 0 18892608 1
1048 0 8307454 1
699 0 16451841 1
635 0 5153217 1
680 0 39715412 1
734 0 5989608 1
727 0 54716591 1
910 0 28302332 1
354 0 2524297 1
1060 0 26513864 1
584 0 55608577 1
597 0 1802400 1
971 0 9022958 1
567 0 887388 1
347 0 14895549 1
397 0 19691543 1
199 0 29170556 1
135 0 8916783 1
705 0 113452 1
147 0 45341930 1
235 0 8528525 1
576 0 8277957 1
440 0 7693761 1
551 0 27043529 1
418 0 3927125 1
949 0 12544603 1
326 0 2564151 1
337 0 203993 1
818 0 54502936 1
1021 0 10349642 1
187 0 254269 1
589 0 39150898 1
747 0 19828754 1
322 0 5079650 1
937 0 2932229 1
335 0 81503 1
408 0 25741529 1
925 0 26985757 1
489 0 13461141 1
239 0 157172 1
607 0 3136443 1
1079 0 6335006 1
406 0 24828564 1
614 0 357520 1
707 0 1803595 1
343 0 56201038 1
474 0 3034262 1
278 0 26640913 1
113 0 27439171 1
139 0 3954720 1
1035 0 49060886 1
875 0 34644206 1
1050 0 2405253 1
741 0 49513350 1
996 0 30899685 1
1007 0 3737258 1
812 0 396470 1
613 0 21488473 1
441 0 7078738 1
692 0 2542334 1
323 0 33043066 1
1042 0 417479 1
178 0 2867793 1
355 0 8277957 1
768 0 30332098 1
1088 0 641909 1
144 0 3476903 1
759 0 14864488 1
401 0 5101168 1
688 0 2911505 1
125 0 1335918 1
292 0 8627714 1
733 0 781946 1
116 0 2345652 1
975 0 8346205 1
629 0 14665457 1
751 0 3731930 1
555 0 37379963 1
1093 0 12588031 1
829 0 27391398 1
952 0 14953996 1
396 0 956598 1
291 0 2876631 1
372 0 48552178 1
944 0 31414648 1
805 0 10225485 1
225 0 2837025 1
764 0 4719814 1
967 0 8586619 1
218 0 8080890 1
795 0 2271177 1
796 0 142224 1
669 0 3133545 1
894 0 2810331 1
653 0 3448857 1
986 0 27043529 1
866 0 17269928 1
496 0 3305282 1
394 0 3550033 1
352 0 2565848 1
604 0 1256587 1
601 0 4451440 1
562 0 14789643 1
730 0 6276691 1
600 0 3565461 1
657 0 157172 1
956 0 3099675 1
109 0 3979809 1
801 0 320506 1
495 0 3731930 1
823 0 6920260 1
1025 0 5329751 1
445 0 19417127 1
259 0 25741529 1
330 0 3748842 1
213 0 14184381 1
595 0 8949514 1
384 0 53527941 1
122 0 18631215 1
828 0 30672517 1
