152 0 1940119 1
531 0 30199617 1
473 0 15770244 1
659 0 35867054 1
1095 0 37314908 1
1038 0 1331978 1
279 0 7764212 1
890 0 26180482 1
403 0 1891886 1
813 0 2310134 1
1011 0 6071715 1
985 0 1397876 1
898 0 3761238 1
1099 0 9989811 1
714 0 3434085 1
681 0 29097142 1
992 0 14513043 1
265 0 6843857 1
832 0 16013696 1
861 0 5979824 1
919 0 36354703 1
345 0 1659954 1
579 0 142224 1
252 0 21843425 1
902 0 25306569 1
153 0 5787604 1
837 0 31908 1
281 0 7335449 1
1096 0 1961602 1
270 0 3635829 1
625 0 145388 1
517 0 24788378 1
652 0 277667 1
296 0 3954720 1
766 0 20697583 1
482 0 33082424 1
622 0 8949514 1
665 0 28715960 1
689 0 3213280 1
934 0 37617532 1
712 0 4863014 1
626 0 7277067 1
498 0 60231538 1
644 0 24065239 1
256 0 40753112 1
273 0 2063551 1
371 0 7305989 1
159 0 31841081 1
176 0 31462683 1
888 0 14233418 1
353 0 24335425 1
1072 0 50520139 1
471 0 4370892 1
693 0 4453753 1
993 0 2162640 1
483 0 5148614 1
901 0 48669515 1
391 0 92539 1
627 0 3196327 1
586 0 16187297 1
895 0 37650220 1
893 0 36183226 1
633 0 11188650 1
594 0 681260 1
168 0 58324133 1
290 0 29783609 1
649 0 357715 1
240 0 11338198 1
512 0 37696558 1
786 0 23943222 1
770 0 2513971 1
959 0 534751 1
513 0 4705518 1
423 0 54789415 1
777 0 40139437 1
905 0 4055736 1
1090 0 7292022 1
641 0 2932845 1
169 0 9482929 1
449 0 576587 1
913 0 697868 1
773 0 53838229 1
850 0 1840775 1
1074 0 680435 1
346 0 2726812 1
492 0 37734068 1
134 0 23299382 1
214 0 1141726 1
761 0 4610981 1
309 0 685832 1
458 0 6590245 1
1068 0 19767434 1
906 0 5569730 1
552 0 13114104 1
503 0 39150898 1
157 0 34188375 1
341 0 15112654 1
1069 0 26007256 1
868 0 2046012 1
865 0 41105877 1
885 0 746606 1
535 0 1141726 1
469 0 8328948 1
609 0 2613497 1
321 0 5242749 1
428 0 53875003 1
998 0 5525737 1
1008 0 37397687 1
311 0 430740 1
556 0 44142534 1
546 0 20777420 1
737 0 28779779 1
299 0 155303 1
568 0 2035081 1
365 0 27463222 1
749 0 2671380 1
1084 0 28715960 1
769 0 932424 1
375 0 5465765 1
660 0 217599 1
735 0 14037329 1
722 0 2334553 1
682 0 59405023 1
978 0 1499102 1
367 0 8856020 1
303 0 8790773 1
637 0 1223386 1
836 0 1126777 1
185 0 26365132 1
676 0 2524297 1
490 0 47727272 1
623 0 25582370 1
554 0 6540216 1
563 0 3316533 1
756 0 45568 1
639 0 38482608 1
442 0 20837994 1
1073 0 2982563 1
475 0 5524740 1
926 0 2359777 1
271 0 7208007 1
723 0 1131961 1
351 0 3421818 1
887 0 8189879 1
436 0 4598057 1
1077 0 7883438 1
834 0 37206425 1
325 0 4187903 1
385 0 2314982 1
521 0 2911505 1
